[[0.00000000e+00 1.97550869e-21 1.14942126e-20 6.30256706e-20
  3.90934460e-19 1.93675502e-19 2.64652733e-19 7.44134295e-18
  9.96205911e-18 5.55078321e-17 1.16613098e-16 1.84120096e-16
  1.21806301e-16 7.99216237e-16 9.57463228e-16 2.81327939e-16
  7.64532037e-16 1.53119431e-15 6.93345150e-16 1.22782498e-15
  3.66441725e-15 2.12443983e-15 1.16752685e-14 9.65089732e-15
  1.01751305e-14 4.60080502e-15 1.31618031e-14 4.08311543e-14
  1.77982352e-14 4.39314029e-14 5.43501211e-14 4.40229124e-14
  7.10982673e-14 9.86885822e-14 3.20458841e-14 9.24239728e-14
  7.43082483e-14 1.08044983e-13 3.91836392e-13 5.94819019e-13
  4.14403665e-13 4.08539747e-13 4.05615392e-13 1.49764147e-13
  3.12406329e-13 1.91147132e-12 1.25125053e-13 2.65659179e-13
  1.83575853e-12 2.59537365e-13 8.77820807e-13 4.97145752e-13
  8.05468432e-13 1.18514067e-12 2.16531710e-12 1.97516434e-12
  2.47286418e-12 1.93065859e-12 6.36021190e-13 1.97581521e-12
  1.41874204e-12 2.22211600e-12 2.50294652e-12 1.20180002e-12
  3.33573197e-12 3.42400045e-12 5.36249498e-13 5.16668083e-12
  2.49306911e-12 1.87478938e-12 4.42777808e-12 3.16844919e-12
  3.54146851e-12 5.63090421e-12 2.34655434e-12 7.00380976e-12
  1.96356325e-11 7.03102990e-12 8.22429379e-12 8.62129687e-12
  7.82453413e-12 2.11264279e-11 1.77119998e-11 4.89665548e-12
  1.45526987e-11 6.10756460e-12 1.27743839e-11 9.43461991e-12
  3.39572309e-11 3.23693334e-11 4.62483111e-11 3.14604782e-11
  2.75806472e-11 1.58371553e-11 2.65360907e-11 2.34423826e-11
  2.33401716e-11 3.25714726e-11 2.87786229e-11 5.48923041e-11]
 [0.00000000e+00 3.64023922e-05 4.61345317e-04 1.27083062e-03
  3.23432051e-03 5.49763539e-03 9.73346672e-03 1.39263733e-02
  2.10140223e-02 2.75463048e-02 3.80123989e-02 4.72694125e-02
  6.16195016e-02 7.39761307e-02 9.27061551e-02 1.14159686e-01
  1.32133261e-01 1.58737122e-01 1.80756366e-01 2.12997957e-01
  2.39427918e-01 2.77793449e-01 3.08998471e-01 3.53973399e-01
  3.90317366e-01 4.42386647e-01 4.84233138e-01 5.43881388e-01
  5.91593768e-01 6.59305366e-01 7.31841998e-01 7.89505999e-01
  8.70866816e-01 9.35330472e-01 1.02599950e+00 1.09762579e+00
  1.19808697e+00 1.27723883e+00 1.38797604e+00 1.47501637e+00
  1.59651344e+00 1.69180510e+00 1.82454582e+00 1.96392870e+00
  2.07291979e+00 2.22430651e+00 2.34248189e+00 2.50635619e+00
  2.63407865e+00 2.81092424e+00 2.94855656e+00 3.13885714e+00
  3.28676208e+00 3.49100133e+00 3.64954165e+00 3.86820326e+00
  4.03774172e+00 4.27130935e+00 4.51361185e+00 4.70116599e+00
  4.95913455e+00 5.15861960e+00 5.43273786e+00 5.64451656e+00
  5.93526817e+00 6.15970325e+00 6.46757185e+00 6.70502604e+00
  7.03049527e+00 7.28133130e+00 7.62488480e+00 7.97898931e+00
  8.25158679e+00 8.62453556e+00 8.91144761e+00 9.30372427e+00
  9.60531359e+00 1.00174018e+01 1.03340311e+01 1.07664144e+01
  1.10984465e+01 1.15516086e+01 1.18994061e+01 1.23738306e+01
  1.27377562e+01 1.32339267e+01 1.37427407e+01 1.41327434e+01
  1.46640634e+01 1.50711269e+01 1.56254365e+01 1.60499236e+01
  1.66277064e+01 1.70699799e+01 1.76717195e+01 1.81321419e+01
  1.87583221e+01 1.92372562e+01 1.98883604e+01 2.05539241e+01]
 [0.00000000e+00 3.94784176e-05 5.52697846e-04 1.62848473e-03
  4.49067000e-03 8.05359719e-03 1.51991908e-02 2.27000901e-02
  3.60635345e-02 4.89532378e-02 7.04689754e-02 9.01983146e-02
  1.21800788e-01 1.49820595e-01 1.93444246e-01 2.44805668e-01
  2.88784625e-01 3.55207062e-01 4.11207198e-01 4.94625094e-01
  5.64097240e-01 6.66445037e-01 7.50840024e-01 8.74052166e-01
  9.74820827e-01 1.12083175e+00 1.23942492e+00 1.41016908e+00
  1.54803758e+00 1.74544941e+00 1.95896843e+00 2.13005802e+00
  2.37328455e+00 2.56738019e+00 2.84224868e+00 3.06080120e+00
  3.36924607e+00 3.61370630e+00 3.95766202e+00 4.22948079e+00
  4.61088178e+00 4.91150993e+00 5.33229065e+00 5.77644259e+00
  6.12527388e+00 6.61184538e+00 6.99321676e+00 7.52414226e+00
  7.93950456e+00 8.51671851e+00 8.96752256e+00 9.59295939e+00
  1.00806560e+01 1.07562502e+01 1.12822902e+01 1.20099762e+01
  1.25758104e+01 1.33575226e+01 1.41709754e+01 1.48022748e+01
  1.56727936e+01 1.63476179e+01 1.72771373e+01 1.79969374e+01
  1.89873917e+01 1.97536184e+01 2.08069421e+01 2.16210463e+01
  2.27391738e+01 2.36026062e+01 2.47874720e+01 2.60113424e+01
  2.69552220e+01 2.82488705e+01 2.92458092e+01 3.06111702e+01
  3.16626187e+01 3.31016267e+01 3.42090358e+01 3.57236253e+01
  3.68884459e+01 3.84805513e+01 3.97042342e+01 4.13757898e+01
  4.26597859e+01 4.44127263e+01 4.62130409e+01 4.75947460e+01
  4.94794851e+01 5.09252341e+01 5.28963323e+01 5.44075760e+01
  5.64669677e+01 5.80451569e+01 6.01947765e+01 6.18413620e+01
  6.40831440e+01 6.57995768e+01 6.81354555e+01 7.05259724e+01]
 [0.00000000e+00 4.09712447e-05 6.02964859e-04 1.84402473e-03
  5.33823736e-03 9.91573853e-03 1.95631275e-02 3.01431369e-02
  4.97685001e-02 6.93734763e-02 1.03145884e-01 1.34970625e-01
  1.87201980e-01 2.34502290e-01 3.09547435e-01 3.99587618e-01
  4.77815031e-01 5.97523271e-01 6.99636586e-01 8.53371795e-01
  9.82639247e-01 1.17475802e+00 1.33444642e+00 1.56930384e+00
  1.76267910e+00 2.04462933e+00 2.27495684e+00 2.60835347e+00
  2.87889829e+00 3.26809460e+00 3.69113087e+00 4.03147060e+00
  4.51714696e+00 4.90609908e+00 5.45876838e+00 5.89959749e+00
  6.52361248e+00 7.01958311e+00 7.71929648e+00 8.27367315e+00
  9.05343755e+00 9.66948474e+00 1.05336528e+01 1.14480057e+01
  1.21675593e+01 1.31731556e+01 1.39627740e+01 1.50639664e+01
  1.59269139e+01 1.71280549e+01 1.80675960e+01 1.93730381e+01
  2.03924374e+01 2.18065331e+01 2.29090548e+01 2.44361567e+01
  2.56250652e+01 2.72695259e+01 2.89830029e+01 3.03142575e+01
  3.21519329e+01 3.35779686e+01 3.55441948e+01 3.70682759e+01
  3.91674056e+01 4.07927964e+01 4.30291821e+01 4.47591470e+01
  4.71371411e+01 4.89749446e+01 5.14988997e+01 5.41082152e+01
  5.61220746e+01 5.88841907e+01 6.10142828e+01 6.39335520e+01
  6.61831411e+01 6.92639160e+01 7.16362665e+01 7.48828995e+01
  7.73812757e+01 8.07981194e+01 8.34257858e+01 8.70171925e+01
  8.97774135e+01 9.35477359e+01 9.74222500e+01 1.00397366e+02
  1.04457636e+02 1.07573701e+02 1.11824078e+02 1.15084356e+02
  1.19529193e+02 1.22936949e+02 1.27580599e+02 1.31139096e+02
  1.35985911e+02 1.39698415e+02 1.44752748e+02 1.49927617e+02]
 [0.00000000e+00 4.19554281e-05 6.38348648e-04 2.00362688e-03
  6.00956173e-03 1.14645364e-02 2.34213485e-02 3.70049169e-02
  6.30494243e-02 8.98241858e-02 1.37146947e-01 1.82727435e-01
  2.58984891e-01 3.29182307e-01 4.42161055e-01 5.79624284e-01
  7.00319124e-01 8.86745396e-01 1.04707703e+00 1.29023435e+00
  1.49602358e+00 1.80366763e+00 2.06072806e+00 2.44060721e+00
  2.75474837e+00 3.21460688e+00 3.59163597e+00 4.13921578e+00
  4.58493865e+00 5.22798033e+00 5.92904665e+00 6.49444530e+00
  7.30313563e+00 7.95215443e+00 8.87620772e+00 9.61465076e+00
  1.06618057e+01 1.14954769e+01 1.26734718e+01 1.36081749e+01
  1.49247483e+01 1.59662870e+01 1.74291769e+01 1.89791505e+01
  2.02002994e+01 2.19087494e+01 2.32516574e+01 2.51263219e+01
  2.65967924e+01 2.86454093e+01 3.02492458e+01 3.24795530e+01
  3.42225591e+01 3.66422946e+01 3.85302735e+01 4.11471751e+01
  4.31859304e+01 4.60077360e+01 4.89501039e+01 5.12375186e+01
  5.43969499e+01 5.68500639e+01 6.02342966e+01 6.28589133e+01
  6.64756851e+01 6.92776079e+01 7.31346568e+01 7.61196890e+01
  8.02247527e+01 8.33986977e+01 8.77595140e+01 9.22699488e+01
  9.57524820e+01 1.00530829e+02 1.04217198e+02 1.09271194e+02
  1.13167202e+02 1.18504586e+02 1.22616037e+02 1.28244547e+02
  1.32577243e+02 1.38504616e+02 1.43064361e+02 1.49298335e+02
  1.54090932e+02 1.60639245e+02 1.67370654e+02 1.72540888e+02
  1.79598795e+02 1.85016804e+02 1.92408947e+02 1.98080535e+02
  2.05814652e+02 2.11745621e+02 2.19829450e+02 2.26025605e+02
  2.34466882e+02 2.40934026e+02 2.49740491e+02 2.58759108e+02]]